---------------------------------------Czasy dla fork
LIczba,czRMat,czRPot,czUz,czSys,czUzPot,czSysPot
600000,32.604394,32.263367,1.141209,31.463191,0.093137,37.203751
700000,46.383397,45.961242,1.496383,44.887016,0.139611,53.813347
800000,55.359248,54.863879,1.973727,53.385523,0.175601,64.175817
900000,70.148101,69.541482,2.255212,67.892893,0.220872,82.151647
1000000,71.324159,70.691850,2.394473,68.929689,0.228973,83.153487
---------------------------------------Czasy dla vfork
600000,17.698395,17.311406,0.552365,17.146032,0.003917,13.299642
700000,20.496417,20.050468,0.679167,19.817253,0.003756,15.319414
800000,23.517391,23.005491,0.740324,22.777070,0.004239,17.617394
900000,25.621484,25.058090,0.833841,24.787646,0.005315,18.969169
1000000,29.512947,28.870406,1.057862,28.455088,0.005693,22.125980
---------------------------------------Czasy dla clone
600000,50.030441,48.443126,1.489394,48.541049,0.041769,49.029285
700000,58.844322,56.978177,1.775267,57.069058,0.048015,57.822135
800000,52.062466,50.375423,1.598451,50.464019,0.040699,49.416311
900000,69.462484,67.264484,2.076793,67.385694,0.056560,66.677295
1000000,74.307907,71.946341,2.337579,71.970332,0.061585,71.408970
---------------------------------------Czasy dla vclone
600000,16.799976,16.405768,0.589306,16.210673,0.003340,12.396036
700000,19.788801,19.321963,0.601125,19.187680,0.003295,14.529362
800000,22.691862,22.157890,0.820983,21.870881,0.004087,16.589013
900000,25.305850,24.710137,0.912752,24.393101,0.004111,18.499455
1000000,27.737160,27.083315,0.912320,26.824843,0.005175,20.173633
